compute-652-2
compute-652-2
compute-652-2
compute-652-2
compute-652-2
compute-652-2
compute-652-2
compute-652-2
compute-652-2
compute-652-2
compute-652-2
compute-652-2
compute-652-2
compute-652-2
compute-652-2
compute-652-2
compute-652-2
compute-652-2
compute-652-2
compute-652-2
Algorithm Version: 1 
++++++++++++++++ Dimensão 100 ++++++++++++++++++
Num threads: 2 
0,000253
0,000357
0,000526
Num threads: 4 
0,000873
0,000909
0,000903
Num threads: 5 
0,001080
0,001113
0,001079
Num threads: 6 
0,001287
0,001163
0,001174
Num threads: 7 
0,001330
0,001312
0,001349
Num threads: 8 
0,001443
0,001459
0,001441
Num threads: 10 
0,001742
0,001771
0,001702
Num threads: 12 
0,001970
0,002062
0,002045
++++++++++++++++ Dimensão 1000 ++++++++++++++++++
Num threads: 2 
0,003889
0,004566
0,003750
Num threads: 4 
0,006377
0,004556
0,004725
Num threads: 5 
0,005785
0,006393
0,006736
Num threads: 6 
0,007397
0,005771
0,005549
Num threads: 7 
0,006126
0,006058
0,006394
Num threads: 8 
0,007101
0,006399
0,006463
Num threads: 10 
0,007327
0,007363
0,007634
Num threads: 12 
0,009024
0,008537
0,008644
++++++++++++++++ Dimensão 10000 ++++++++++++++++++
Num threads: 2 
0,096429
0,076997
0,092833
Num threads: 4 
0,112571
0,110404
0,113181
Num threads: 5 
0,111895
0,100664
0,115804
Num threads: 6 
0,120491
0,111324
0,120643
Num threads: 7 
0,116854
0,123646
0,123018
Num threads: 8 
0,129288
0,137616
0,132750
Num threads: 10 
0,139899
0,141828
0,140976
Num threads: 12 
0,157029
0,146958
0,148601
++++++++++++++++ Dimensão 50000 ++++++++++++++++++
Num threads: 2 
1,589737
1,634187
1,811995
Num threads: 4 
2,507769
1,914885
2,043238
Num threads: 5 
1,820142
1,870893
1,805891
Num threads: 6 
1,976667
1,755885
1,871351
Num threads: 7 
1,904436
1,984332
1,981904
Num threads: 8 
1,888808
1,899274
1,940647
Num threads: 10 
2,042267
2,025605
2,033002
Num threads: 12 
2,070905
2,111929
2,174773
++++++++++++++++ Dimensão 80000 ++++++++++++++++++
Num threads: 2 
4,322416
3,550947
4,397391
Num threads: 4 
4,182932
3,660617
4,090961
Num threads: 5 
4,010680
4,938473
3,990458
Num threads: 6 
4,872440
4,275221
4,282936
Num threads: 7 
4,870737
4,553594
4,366770
Num threads: 8 
5,000204
4,689044
4,742950
Num threads: 10 
4,966251
4,866776
4,891530
Num threads: 12 
5,185791
4,986053
5,071853
Algorithm Version: 2 
++++++++++++++++ Dimensão 100 ++++++++++++++++++
Num threads: 2 
0,000365
0,000420
0,000392
Num threads: 4 
0,001167
0,001576
0,001560
Num threads: 5 
0,001976
0,002022
0,001982
Num threads: 6 
0,002280
0,002240
0,002177
Num threads: 7 
0,002611
0,002543
0,002511
Num threads: 8 
0,002716
0,002765
0,002587
Num threads: 10 
0,003122
0,003505
0,003534
Num threads: 12 
0,003581
0,002453
0,002384
++++++++++++++++ Dimensão 1000 ++++++++++++++++++
Num threads: 2 
0,022184
0,012082
0,015004
Num threads: 4 
0,028673
0,026753
0,026126
Num threads: 5 
0,031582
0,036652
0,030936
Num threads: 6 
0,045046
0,043841
0,035413
Num threads: 7 
0,051280
0,038574
0,039712
Num threads: 8 
0,050269
0,052480
0,054943
Num threads: 10 
0,063367
0,063160
0,048970
Num threads: 12 
0,072429
0,071017
0,070563
++++++++++++++++ Dimensão 10000 ++++++++++++++++++
Num threads: 2 
1,625514
1,494697
2,121368
Num threads: 4 
2,429968
1,949829
1,909184
Num threads: 5 
3,355992
3,462576
2,926366
Num threads: 6 
3,784247
3,629537
3,689861
Num threads: 7 
4,093662
4,485689
2,845063
Num threads: 8 
3,302200
4,252359
3,342291
Num threads: 10 
5,406719
4,183390
5,196640
Num threads: 12 
5,699186
5,653730
4,071767
++++++++++++++++ Dimensão 50000 ++++++++++++++++++
Num threads: 2 
31,019248
44,638222
61,363379
Num threads: 4 
53,080811
45,765481
46,365006
Num threads: 5 
60,722015
77,794094
95,941987
Num threads: 6 
106,919140
114,750947
115,750019
Num threads: 7 
105,176267
88,832381
107,837037
Num threads: 8 
106,209892
115,220741
129,065702
Num threads: 10 
168,041751
143,752435
165,439023
Num threads: 12 
188,372982
183,176793
189,790155
++++++++++++++++ Dimensão 80000 ++++++++++++++++++
Num threads: 2 
167,328357
87,833937
96,475762
Num threads: 4 
162,262326
173,479610
160,009380
Num threads: 5 
170,082365
261,984032
175,788740
Num threads: 6 
191,024955
211,534555
177,397609
Num threads: 7 
267,335247
251,900173
267,881323
Num threads: 8 
202,207418
219,627201
275,983167
Num threads: 10 
346,430425
355,565973
344,349627
Num threads: 12 
398,506351
274,503777
367,363910
Algorithm Version: 3 
++++++++++++++++ Dimensão 100 ++++++++++++++++++
Num threads: 2 
0,000385
0,000622
0,000583
Num threads: 4 
0,001055
0,001003
0,000753
Num threads: 5 
0,001240
0,001233
0,001232
Num threads: 6 
0,001411
0,001473
0,001429
Num threads: 7 
0,001521
0,001682
0,001695
Num threads: 8 
0,001809
0,001595
0,001485
Num threads: 10 
0,002308
0,002358
0,002256
Num threads: 12 
0,002768
0,002789
0,002738
++++++++++++++++ Dimensão 1000 ++++++++++++++++++
Num threads: 2 
0,005569
0,006557
0,004206
Num threads: 4 
0,007086
0,007202
0,007651
Num threads: 5 
0,009253
0,005968
0,005832
Num threads: 6 
0,006651
0,006201
0,006832
Num threads: 7 
0,007592
0,007476
0,007209
Num threads: 8 
0,008219
0,007310
0,007211
Num threads: 10 
0,009223
0,009650
0,009490
Num threads: 12 
0,011246
0,011015
0,010964
++++++++++++++++ Dimensão 10000 ++++++++++++++++++
Num threads: 2 
0,083268
0,079184
0,080473
Num threads: 4 
0,121378
0,112065
0,116069
Num threads: 5 
0,118694
0,163847
0,132737
Num threads: 6 
0,134034
0,134315
0,140146
Num threads: 7 
0,143004
0,145606
0,192497
Num threads: 8 
0,218497
0,165911
0,168811
Num threads: 10 
0,194258
0,189592
0,189573
Num threads: 12 
0,196986
0,203916
0,246991
++++++++++++++++ Dimensão 50000 ++++++++++++++++++
Num threads: 2 
1,468988
1,919721
1,627647
Num threads: 4 
3,710861
2,184413
1,665988
Num threads: 5 
2,090951
1,724414
2,297532
Num threads: 6 
2,291124
2,982802
2,444739
Num threads: 7 
2,891249
2,684804
2,725800
Num threads: 8 
2,852029
3,048603
2,698665
Num threads: 10 
2,559740
2,732961
2,312319
Num threads: 12 
2,535425
2,855131
2,840796
++++++++++++++++ Dimensão 80000 ++++++++++++++++++
Num threads: 2 
4,698210
3,945335
3,623803
Num threads: 4 
5,705692
5,089276
4,890147
Num threads: 5 
5,303146
5,363155
8,197541
Num threads: 6 
8,732599
5,777124
5,391839
Num threads: 7 
5,629051
6,216658
6,733658
Num threads: 8 
9,416459
5,580764
9,651039
Num threads: 10 
5,680721
6,798117
5,897705
Num threads: 12 
6,724440
6,061538
6,076090
Algorithm Version: 4 
++++++++++++++++ Dimensão 100 ++++++++++++++++++
Num threads: 2 
0,000295
0,000217
0,000297
Num threads: 4 
0,000333
0,000327
0,000461
Num threads: 5 
0,000574
0,000514
0,000670
Num threads: 6 
0,000730
0,000836
0,000805
Num threads: 7 
0,000825
0,000840
0,000858
Num threads: 8 
0,000877
0,000871
0,000896
Num threads: 10 
0,000968
0,001037
0,001023
Num threads: 12 
0,001229
0,001086
0,001304
++++++++++++++++ Dimensão 1000 ++++++++++++++++++
Num threads: 2 
0,005329
0,005207
0,005364
Num threads: 4 
0,006758
0,006305
0,006828
Num threads: 5 
0,007051
0,004909
0,004609
Num threads: 6 
0,004901
0,003825
0,003909
Num threads: 7 
0,003855
0,003913
0,004306
Num threads: 8 
0,004861
0,004126
0,004400
Num threads: 10 
0,004265
0,004288
0,004549
Num threads: 12 
0,005673
0,005791
0,005712
++++++++++++++++ Dimensão 10000 ++++++++++++++++++
Num threads: 2 
0,067421
0,063176
0,063195
Num threads: 4 
0,078033
0,072300
0,077891
Num threads: 5 
0,079728
0,068723
0,079449
Num threads: 6 
0,091500
0,082133
0,082175
Num threads: 7 
0,102245
0,085953
0,103620
Num threads: 8 
0,107871
0,101705
0,107356
Num threads: 10 
0,113734
0,105141
0,116176
Num threads: 12 
0,104878
0,113778
0,113263
++++++++++++++++ Dimensão 50000 ++++++++++++++++++
Num threads: 2 
1,079683
1,109056
1,878509
Num threads: 4 
1,445405
1,460554
1,611000
Num threads: 5 
1,570057
1,655626
1,390911
Num threads: 6 
1,692475
1,610250
1,775295
Num threads: 7 
1,911025
1,808580
1,549660
Num threads: 8 
1,748648
1,680806
1,542111
Num threads: 10 
1,763075
2,031827
1,985129
Num threads: 12 
1,972619
1,668328
2,020323
++++++++++++++++ Dimensão 80000 ++++++++++++++++++
Num threads: 2 
2,663966
2,659955
2,622045
Num threads: 4 
3,673097
3,581092
3,622047
Num threads: 5 
3,863618
3,474720
3,729818
Num threads: 6 
3,691637
4,297591
4,059529
Num threads: 7 
4,412411
3,726240
4,457139
Num threads: 8 
4,552749
4,988522
3,908444
Num threads: 10 
5,195555
3,862658
5,062225
Num threads: 12 
4,585665
4,252411
4,836628
Algorithm Version: 5 
++++++++++++++++ Dimensão 100 ++++++++++++++++++
Num threads: 2 
0,000338
0,000297
0,000303
Num threads: 4 
0,000453
0,000580
0,000549
Num threads: 5 
0,000703
0,000710
0,000658
Num threads: 6 
0,000921
0,000931
0,000886
Num threads: 7 
0,000998
0,001028
0,000948
Num threads: 8 
0,001094
0,001090
0,001121
Num threads: 10 
0,000870
0,001389
0,001312
Num threads: 12 
0,001472
0,001547
0,001560
++++++++++++++++ Dimensão 1000 ++++++++++++++++++
Num threads: 2 
0,004679
0,004630
0,004412
Num threads: 4 
0,006457
0,005952
0,006273
Num threads: 5 
0,005999
0,004276
0,003302
Num threads: 6 
0,003682
0,004122
0,003943
Num threads: 7 
0,004611
0,005154
0,004923
Num threads: 8 
0,005222
0,004588
0,004254
Num threads: 10 
0,004571
0,004324
0,004755
Num threads: 12 
0,005221
0,005108
0,005434
++++++++++++++++ Dimensão 10000 ++++++++++++++++++
Num threads: 2 
0,062886
0,060542
0,060225
Num threads: 4 
0,075935
0,073578
0,078068
Num threads: 5 
0,072936
0,080975
0,076717
Num threads: 6 
0,082011
0,093432
0,079819
Num threads: 7 
0,087880
0,105215
0,103937
Num threads: 8 
0,105168
0,103999
0,086936
Num threads: 10 
0,120331
0,115017
0,118264
Num threads: 12 
0,102842
0,111193
0,117303
++++++++++++++++ Dimensão 50000 ++++++++++++++++++
Num threads: 2 
1,111939
1,245282
1,757725
Num threads: 4 
1,456431
2,211118
1,987380
Num threads: 5 
1,841992
1,837282
1,788453
Num threads: 6 
1,573133
1,718846
1,824940
Num threads: 7 
1,945087
1,939050
1,837527
Num threads: 8 
1,630238
1,948129
1,626856
Num threads: 10 
1,823646
1,920068
2,052950
Num threads: 12 
2,013088
1,727108
2,175664
++++++++++++++++ Dimensão 80000 ++++++++++++++++++
Num threads: 2 
2,632098
2,654751
2,841667
Num threads: 4 
3,831020
3,735217
3,980258
Num threads: 5 
4,407964
3,816973
4,196018
Num threads: 6 
4,759948
4,426863
3,690524
Num threads: 7 
5,461390
4,862771
4,944037
Num threads: 8 
3,907612
5,104099
4,830507
Num threads: 10 
5,263303
5,479382
4,051979
Num threads: 12 
4,186916
4,476771
4,661061
++++++++++++++ SINGLES ++++++++++++++
++++++++++++++++ Dimensão 100 ++++++++++++++++++
0,000008
0,000009
0,000008
++++++++++++++++ Dimensão 1000 ++++++++++++++++++
0,000471
0,000650
0,000642
++++++++++++++++ Dimensão 10000 ++++++++++++++++++
0,043992
0,038891
0,038776
++++++++++++++++ Dimensão 50000 ++++++++++++++++++
0,957498
0,957548
0,956121
++++++++++++++++ Dimensão 80000 ++++++++++++++++++
2,466440
2,485026
2,473265
